Accuracy: 0.8420660243576911
Sensitivity: 0.8447965909847527
Specifity: 0.8418835459484473
Precision: 0.2631095996225887
G-Mean: 0.8433388106943754
F-measure: 0.401250746138855
